53 62 83
17 76
53 62 83
51 25 27 53 18 39
18 20 27 20 4 18
3 25 53
25 31 34 6 52 31 31 5
2 79 20 42 42 35 2 59 51 34 17 18
50 39 7 15 15 33 7
4 54 5 54 52 7
2 65 81 39 50 15
6 81 56 84 31 42 18 10 20 13 55
2 82 59 78 86 42 17 21 52 2 59 38 28 12 28
30
18 31 52 6 24 24
2 59 6 2 92 6 34 24 53
12 33 12 39
2 79 34 20 27 4 6
17 20 2 59 35 31 27 20 3
33 13 32 15 15
15 15 47 39 47 33 50
25 58 60 70 44 61 29 49 7
27 24 27 35 33 38 13
2 80 6 6 3 39
6 81 56 84 31 21 42 23 35 45 13
2 65 81 28 7 95 28
6 81 56 84 4 23 4 52 16 7 95 13
4 31 27 27 6 24 24 53
4 20 27 5 53
13 13 47 13
3 53 24 6 35 2 59 31 34 31
2 79 20 42 42 35 2 59 51 34 17 18
33 13 50 33 36
39 7 36 13 7 32 7
22 74 62 9 88 29 40 36
2 82 59 78 86 4 53 34 2 59 36 7
6 81 56 84 21 17 2 80 53 7 39 33
17 76
17 4 5 31 15
54 20 34 23 39 15 15
35 4 3 2 92 20 27 4 23 53
21 6 3 27
33 55 39 13
10 20 27 5 24 6 53 5 34 20 2 92 6
2 79 20 42 42 35 2 59 51 34 17 18
33 13 50 50 33
50 39 7 47 7 55 50
50 11 40 50
2 65 81 13
2 65 81 38 7
23 24 25 51 13 50 36 15
18 2 59 17 24 38 36
2 92 3 5 34 45 33 32 36
25 31 5 51 17 27 31
10 34 3 27 4 6 35 25 3 34 53
12 39 45 50
2 79 18 20 24 24 20 2 79 35
2 79 20 42 42 35 2 59 51 34 17 18
33 13 50 33 36
15 33 50 15 50 33 7 7 28 39
35 66 87 73 59 67 11 88 29 40 13
53 62 83
6 81 56 84 2 92 2 94 35 2 94 50 15 28 28
34 2 80 54 18 15
2 82 59 78 86 21 51 20 2 79 47 50 7
41 77
25 3 34 27 6 24 24
21 51 24 20 6
36 12 13
25 6 25 31 34 53 24 3 27 6
25 4 23 6 6 35 2 79 31 34 42
33 13 33 47 47
39 39 15 36 50 28 47
26 95 49 10 71 81 85 29 40
18 64 79
2 65 81 7 50 15 50
2 65 81 12 15
2 82 59 78 86 31 2 80 20 25 20 45 50
2 65 81 11
27 6 24 35 31 27
21 6 27 27 20 10 6 34
45 47
23 51 27 42 54
2 59 6 34 23 6 24 6 53
32 36 28 50 50
50 32 33 15 39 15 39 32 7 47
25 58 60 70 42 93 62 74 86 71 62 88 29 38
17 50 7 95 28
30
31 51 15 36 49 28
2 59 36 49 13
21 15 45 47
5 34 3 2 92 23
21 6 3 27 6 42 42 6
33 43
35 2 79 34 20 27 17 18 31 51 35 6
52 34 20 17 18 42 35 2 92 20 24 24 6
33 36 47 39 7
50 13 50 50 32 50 28
9 28 40 7
6 81 56 84 20 35 24 10 45 7
6 81 56 84 54 53 17 27 2 79 7 19 2 57 49 47
6 81 56 84 42 25 3 54 2 94 50 46 13 19 2 57 12 50
3 25 35 21 36 46 33 19 2 57 7 95 39
2 65 81 12 33
20 2 92 3 34 35 31 27
23 3 34 24 3
33 46
25 31 34 6 52 31 31 5
2 79 20 42 42 35 2 59 51 34 17 18
33 13 50 33 36
15 15 15 36
31 60 89 59 67 10 71 81 85 29 40 28
2 82 59 78 86 52 24 10 2 94 53 36 32 39 28
17 76
34 66 63 86
41 77
2 82 59 78 86 51 42 10 10 7
31 24 3 4 23
23 3 34 6 27
50 50 28 47
3 24 25 31 27 42
2 79 20 42 42 35 2 59 51 34 17 18
33 13 50 33 32
7 7 50 7 33 32 50
13 49 39 14 13
2 65 81 36 32 47 7
2 65 81 13 55
2 65 81 13 47 15 47
2 65 81 15
2 94 17 20 4 50
25 3 4 3 24 51 35 31
24 20 27 5 3
47 15 7 55
25 6 3 5 31 52 17 3 42 6 5 34 20 2 92 6
33 13 39 39 7
47 50 36 33 39 28 13
45 33 21 3 27 51 3 34 53 33 28 36 55
35 54 23 52 52 50 45 36
54 4 2 59 6 17 38 28
53 62 83
2 82 59 78 86 54 53 42 24 12 33
34 66 63 86
2 82 59 78 86 31 17 5 6 15 36 13 36
2 79 31 25 6 34 3 27 42 54
24 20 27 5 3
12 33 11
25 3 34 17 3 34 6 42
2 79 20 42 42 35 2 59 51 34 17 18
33 13 50 33 47
50 39 7 13 28 13 50
47 49 36 40 7
31 3 25 21 33 13 47
2 82 59 78 86 25 27 54 24 47 36 36
2 82 59 78 86 21 24 53 54 50
2 65 81 45 13
2 82 59 78 86 53 53 10 2 94 55
4 6 24 24 20 31
25 31 27 20 4 3
13 39 33 13
18 31 2 59 3 34 42
2 79 20 42 42 35 2 59 51 34 17 18
33 13 50 33 36
15 50 33 32 15 13 33
28 49 47 40 47
30
6 81 56 84 6 31 3 4 51 47
6 81 56 84 53 2 59 6 21 2 80 13 32 36
2 79 42 2 80 5 2 80 33
20 5 25 18 36 7 13
5 31 52 24 20 27 17
25 3 34 53 21 31
39 13 47 15
5 3 24 54 6 24 24
2 79 20 42 42 35 2 59 51 34 17 18
33 13 50 33 36
15 50 33 32 33 28 39
36 16 40 33
3 2 92 25 51 15 14 50
34 66 63 86
31 24 23 10 13 14 13
30
18 64 79
2 92 6 4 4 18 20
27 20 4 31 24 6
12 39 32 13
6 24 24 35 52 31 34 42 18
2 79 20 42 42 35 2 59 51 34 17 18
33 13 50 47 50
39 39 33 13 55 39 15
21 56 74 91 58 95 11 88 29 40 47
6 81 56 84 25 53 3 25 36
2 82 59 78 86 27 2 94 10 6 7 28 39
41 77
6 81 56 84 34 2 59 5 23 42 12
2 82 59 78 86 10 25 2 80 27 18 47 38
2 79 31 25 6 34 3 27 42 54
2 79 18 53 24 24 20 35
33 50 15 33
6 3 34 24 10 31 34 5
2 79 20 42 42 35 2 59 51 34 17 18
33 13 50 50 36
7 7 15 33 55 13 36
39 37 45 39
2 92 2 80 5 2 59 14 28 19
52 4 2 92 53 18 38 36 14 15
34 66 63 86
6 81 56 84 27 42 5 20 4 13 28 33
2 82 59 78 86 35 18 23 21 13 36 39
10 3 34 34 6 24 24 53
35 18 6 20 24 3
33 49
42 3 27 17 24 6 52 53 24 5 6
2 59 34 31 27 2 94 2 92 20 24 24 6
33 32 36 32 7
28 33 15 47 47 36 33 7 39 28
13 39 87 62 74 40 28
3 3 20 24 55
2 65 81 14 36 14 36
2 82 59 78 86 24 5 34 52 49 39
2 65 81 40 33
2 65 81 15 12 39
2 59 51 34 23 35
35 18 3 34 31 27
45 50 45 33
3 34 3 2 79 3 18 31 6
2 79 20 42 42 35 2 59 51 34 17 18
33 13 50 15 33
15 33 50 7 47 33 28 13 33 47
5 62 60 62 73 59 67 8 88 29 14 15
41 77
2 65 81 36 36
21 35 2 79 35 54 28 39 28
2 59 53 2 92 25 7 15
2 65 81 50 39
24 6 52 20 35
42 34 3 4 53
15 32 47
2 92 3 24 6
2 79 20 42 42 35 2 59 51 34 17 18
33 13 50 47 28
50 39 7 47 55 50 36
43 33 40 7
2 65 81 40 39
24 54 34 2 92 12 13 45 13
2 82 59 78 86 2 79 27 3 25 2 94 38 50
2 65 81 36
53 62 83
21 6 42 42
42 6 34 20 27 3
49 50 49 39
18 3 52 42 18 31 34 27 6
35 52 20 35 35 2 92 3 24 6
33 13 50 33 7
50 36 33 55 7 50 39
22 72 95 44 86 71 62 88 29 40 13
17 24 24 23 18 33
18 64 79
18 64 79
21 2 92 2 79 6 7 36 55
53 62 83
35 3 42 42 6 34 10 20 6 24 5
52 18 20 42 27 6 53
50 43
31 34 4 18 3 34 5 2 79 24 3 4 6
35 6 52 20 4 23 24 6 53
33 13 33 15 47
36 15 33 32 13 28 50
6 81 56 84 20 17 27 25 14 47 37
2 82 59 78 86 6 51 21 31 28 90 13
23 52 54 3 17 50 19 2 57 40 39
2 65 81 45 7 40 13
2 65 81 14 47 14 13
2 59 34 51 25 20 42 42
2 59 3 34 34 53
33 43
25 20 5 52 31 31 5
52 3 42 6 34 2 59 51 34 53
32 39 36 32 7
50 32 47 36 13 36 7 7 28 28
22 72 95 42 93 64 68 88 29 40 28
2 94 20 40 33
54 7 32 50
2 65 81 40
2 65 81 38 50
34 66 63 86
52 6 20 5 6
34 31 2 59 6 34 42
14 47 49 47
24 51 5 52 20 4 23
2 79 17 18
33 13 50 33 36
15 50 50 32 7 33 39
33 39 87 62 74 14 7
2 65 81 12 15
35 51 31 51 7 95 39
6 81 56 84 35 2 92 27 53 43 43
2 82 59 78 86 4 18 53 5 5 32
2 65 81 33 14 50
17 31 42 42 20 6 34
2 59 34 20 3 27
47 32 33
2 79 3 34 23 34 31 3 5
5 31 52 27 20 27 17 42 31 52 27
33 28 47 47 13
50 33 13 15 13 7 13 15 39 28
35 66 87 73 59 67 49 36 88 29 40 36
41 77
34 66 63 86
2 65 81 7 33 28 39
41 58 86
2 82 59 78 86 10 53 27 2 79 28 90 36
24 3 25 2 79 35 31 27
4 24 3 34 23
39 47 7
17 3 34 24 3 27 5
35 51 27 27 53 2 92 3 24 6
28 15 32 7 39
48 28 31 68 40
41 58 86
34 66 63 86
2 82 59 78 86 20 42 5 23 25 15 38 33
2 65 81 40
18 64 79
27 6 52 6 24 24
4 18 34 20 35
12 7 32 28 2 57 3 18 56 72 68
18 31 2 59 3 34 42
2 79 20 42 42 35 2 59 51 34 17 18
33 13 50 47 50
13 50 33 40 12 13
47 16 40 36
41 58 86
20 2 79 3 4 10 50 13 7
2 82 59 78 86 20 34 5 5 21 33
17 76
53 62 83
10 6 5 31 34
4 18 34 20 35 42 31 2 79 18 6 34
33 15 7 50 47
24 31 27 17 2 92 20 6 52
27 6 52 2 59 51 34 53
15 15 32 39 13
39 15 13 47 47 39 15
7 16 40 15
30
2 65 81 28 90 15
18 64 79
2 82 59 78 86 10 2 59 25 21 36 43
2 65 81 39
42 3 53 24 31 34
34 31 53
47 32 39
18 3 35 42 20 27 17 35
2 79 20 42 42 35 2 59 51 34 17 18
33 13 50 32 39
47 39 47 32 28 39 50
36 26 95 29 14 15
2 65 81 13
18 64 79
17 76
34 66 63 86
30
4 3 24 20 17 20 51 34 20
4 18 3 34 24 6 35
33 55 55 39
42 34 6 27 42 31 27
2 79 17 18
33 13 50 50 33
36 47 33 33 47 47 7
47 48 12 7
2 65 81 12 40 47
2 92 52 3 2 59 52 50 16
34 66 63 86
24 34 34 23 20 15
2 82 59 78 86 51 10 54 54 40 28
35 42 6 6 34 6
5 3 2 92 20 5
40 47 40 15 2 57 3 18 56 72 68
10 31 34 52 3 34 5
2 79 20 42 42 35 2 59 51 34 17 18
33 13 50 33 36
15 33 50 15 50 50 47 13 36 7
3 91 69 91 85 39 87 62 74 88 29 40 13
2 79 51 2 94 2 79 20 13
10 53 54 31 50 50 50
2 82 59 78 86 18 3 2 94 2 94 27 39 36 28 33
24 34 24 53 51 36 47
2 82 59 78 86 31 23 42 24 6 50 7 33
35 27 31 52
5 31 27 3 24 5
16 16
35 31 51 42 18
2 79 20 42 42 35 2 59 51 34 17
33 13 50 33 36
15 50 33 39 50 7 47
35 66 87 73 59 67 10 71 81 85 29 40 28
2 82 59 78 86 54 31 42 10 50
2 82 59 78 86 18 10 5 52 2 80 39 50 50
2 82 59 78 86 27 2 59 3 23 28 90 39
34 17 4 35 36 40 36
2 82 59 78 86 54 17 5 34 17 28 28 15 39
4 3 34 34 6 24
5 3 2 92 20 5
13 43
18 20 17 18 24 3 27 5
2 79 20 42 42 35 2 59 51 34 17 18
33 13 50 32 39
47 39 33 55 33 13 13
27 71 74 88 31 68 35 66 87 73 59 67 29 40 15
2 65 81 55
42 2 92 3 18 12 50 12 47
2 65 81 14 33
2 59 2 92 20 2 80 17 7 95 39
2 65 81 40 50 45 33
27 31 31 27 2 59 51 34 17
5 6 34 6 23
33 32 39
4 31 27 4 31 34 5
20 42 18 3 4 3
33 15 7 13 32
50 39 7 15 33 39 33
36 11 29 38
53 62 83
2 94 18 2 59 3 4 13 47 15 15
41 58 86
34 66 63 86
30
35 42 31 5 31 24 35 23 53
5 3 27 20 6 24
47 38 33
2 59 31 51 2 80 51 6 42
2 79 20 42 42 35 2 59 51 34 17 18
33 13 50 33 47
15 33 50 39 7 36 7 7 36 33
22 72 95 49 28 29 40 28
6 81 56 84 52 6 35 10 49 15 32 47
2 82 59 78 86 17 51 23 6 2 92 28
21 54 3 2 79 37
2 65 81 7 45 50
2 82 59 78 86 34 6 10 2 92 35 33 13 47 47
2 59 24 3 4 23 52 31 31 5
6 5 52 20 27
47 33 50
2 59 34 3 5 5 31 4 23
2 79 20 42 42 35 2 59 51 34 17 18
33 13 50 50 33
15 33 50 50 15 50 39 39 50 39
39 39 87 62 74 40
2 65 81 15 46 7 19 7 95 47
30
10 6 17 2 59 14 7
34 66 63 86
30
42 18 3 53 6 34
6 34 20 4
12 39 40 28
2 59 6 3 4 31 27
2 79 20 42 42 35 2 59 51 34 17 18
33 13 50 33 36
15 33 50 13 50 33 50 7 50 15
15 36 40 15
34 66 63 86
34 18 18 51 10 50
41 77
2 65 81 28 7 28
27 17 27 27 47 28 28
3 24 42 25 3 27 27
6 34 20 23
36 47 55
6 3 35 42 6 27 5 3 2 92 6
2 79 17 18
33 13 50 50 33
50 15 47 7 47 50 7
10 6 2 59 33 7 33 28 39 15
30
2 82 59 78 86 18 52 31 27 21 15 46 36 19 49 47
2 65 81 16
34 66 63 86
2 59 3 20 2 80 52 7
24 6 51 24 20 6 42 42 6
6 34 20 4
2 59 31 2 94 7 32 36
13 33 33 13 25 3 34 17 3 34 6 42
2 79 20 42 42 35 2 59 51 34 17 18
33 13 50 33 47
50 39 7 15 39 13 7
48 15 40 36
18 2 79 5 10 42 40 47
6 81 56 84 21 27 34 17 14 7
2 65 81 28 90 7 49 7
2 94 6 5 2 92 36
53 10 21 23 50 7
3 24 24 6 2 92 3
10 20 24
13 39 47 33
52 20 24 23 20 27 35
2 79 20 42 42 35 2 59 51 34 17 18
33 13 50 33 36
13 50 33 32 50 39 7
43 45 33 12 7
2 65 81 38 33
2 65 81 15 49 33
2 65 81 33 28 90 39
30
41 58 86
18 31 53
17 24 6 27 27
33 50 55
34 51 35 23 20 27
2 79 20 42 42 35 2 59 51 34 17 18
33 13 50 33 47
39 7 47 13 55 15 33
3 91 69 91 85 49 2 84 60 76 75 29 40 33
18 64 79
17 76
2 94 54 20 2 92 53 33
41 77
53 62 83
18 3 25 2 79 35 18 20 34 6
21 31 18 27
13 39 15 55
6 24 17 20 27
2 79 20 42 42 35 2 59 51 34 17 18
33 13 50 55 39
50 39 7 47 55 39 39
36 49 28 12 7
2 82 59 78 86 51 17 3 25 45 28
2 65 81 7 38 33
2 82 59 78 86 4 42 24 6 38 39 48
2 65 81 13
18 64 79
3 35 2 79 27 6 35
21 3 25 6 35
36 45
6 3 35 42 6 27 5 3 2 92 6 27 51 6
2 79 20 42 42 35 2 59 51 34 17 18
33 13 50 50 33
50 39 7 47 32 13 15
21 56 74 91 58 95 42 93 64 68 88 29 40 39
6 25 2 59 54 39 7 39
2 65 81 15 12 33
2 82 59 78 86 31 18 17 2 79 5 50 28 36 39
3 42 42 17 23 7 95 15
34 31 35 6 27 10 6 24 5
21 6 10 10
15 36 50 55
4 6 27 42 34 6 3 2 92 6 27 51 6
2 79 20 42 42 35 2 59 51 34 17 18
33 13 50 33 47
15 33 50 39 7 33 33 7 15 50
32 39 32 36 39 39
6 81 56 84 2 80 23 2 94 53 51 33 40 50
2 65 81 45 36
2 82 59 78 86 2 92 6 52 54 36 38 50
41 77
21 4 18 6 2 80 12 7 46 28 45 28
35 52 3 34 42 54
21 31 27 3 42 18 3 27
45
6 3 35 42 7 95 10 71 68 88 35 42 34 6 6 42
27 6 52 53 31 34 23
33 32 32 50 7
50 33 50 13 36 32 50 36 7 15
3 91 69 91 85 49 2 84 60 76 75 29 40 28
2 92 6 34 23 6 45 13 45
2 65 81 7 36
41 77
17 76
2 65 81 47 7 95 39
23 6 3 27 6
21 31 35 6 2 79 18
35 2 79 34 20 27 17 18 31 51 35 6 24 3 27 6
31 3 79 76 85 81 77 70 62 18 3 34 3
33 13 50 47 7
15 50 50 50 32 7 28
22 74 62 49 44 61 29 40 28
6 81 56 84 2 94 2 59 25 27 42 15 33 32 28
10 23 3 51 50 15
6 81 56 84 6 2 94 2 94 35 55
3 17 24 17 3 39 15 28
30
2 79 31 24 20 10 34 31 27 20
21 31 35 6 2 79 18
33 13 47 50
3 35 2 59 51 34 53 2 79 24 3 4 6
2 79 20 42 42 35 2 59 51 34 17 18
33 13 50 33 36
15 33 50 13 50 33 7 50 39 32
36 37 12 36
2 92 24 4 54 49 39
41 58 86
30
6 81 56 84 2 80 6 21 2 80 42 38 36
53 62 83
35 23 6 6 35
21 3 25 6 35
3 25 2 79 6 34 6
2 79 20 42 42 35 2 59 51 34 17 18
33 13 50 55 36
15 50 50 55 36 28 33
10 62 59 82 58 95 7 70 29 12 50
5 35 23 51 15 13 32 13
2 65 81 36
2 65 81 15
2 82 59 78 86 34 54 34 2 92 54 28 90 7
6 54 3 23 31 7
2 59 6 4 18 42 6 24
23 3 34 24
12 36 16 3
2 59 6 3 4 31 27
2 79 20 42 42 35 2 59 51 34 17 18
33 13 50 33 36
13 50 33 15 28 13 15
25 58 60 70 49 10 71 68 88 29 40 36
6 81 56 84 2 92 34 10 31 13
2 65 81 33 45 33
51 35 20 2 80 27 38 33
41 77
2 82 59 78 86 51 21 25 23 28
25 31 18 27 23 6 34 27
23 6 27
4 25 51
2 79 20 42 42 35 2 59 51 34 17 18
33 13 50 33 47
47 32 7 13
26 95 27 71 74 88 40 50
2 92 10 31 10 18 28 15
2 65 81 36
6 81 56 84 2 59 25 6 6 47 13 50
41 58 86
2 65 81 28 90 13
10 34 3 27 54 20 27 20
25 20 4 18 3 6 24
13 50 36
35 51 25 25 6 34 24 6 3
2 79 20 42 42 35 2 59 51 34 17 18
33 13 50 47 50
15 15 33 33 36 50 15
35 66 87 73 59 67 39 88 29 40 36
25 25 2 92 2 80 5 33 7 36
2 82 59 78 86 42 2 59 2 79 2 59 39
2 65 81 50 32 13
53 62 83
17 76
24 51 2 59 20 27 35 23 20
25 3 34 23
12 47 14 50
2 59 6 6 24 6 34
2 79 20 42 42 35 2 59 51 34 17 18
33 13 50 33 36
39 7 33 36 36 13 50
43 48 40 36
41 77
2 65 81 36 50 33 39
2 65 81 33 28
27 18 31 42 2 80 50 7 47
2 79 42 23 2 94 55
2 79 51 35 23 3 34
25 3 34 23
39 45
2 59 34 31 3 5 18 6 3 5 34 31 3 5
4 34 3 10 42 31 27
33 13 50 32 13
28 50 50 36 50 50 55
48 49 33 12 7
17 3 2 59 18 50
18 64 79
2 65 81 39 33 50 13
2 65 81 50 13 15 39
53 62 83
17 34 31 35 35 25 3 27
25 20 4 18 3 6 24
39 47 50 47
5 31 51 17 24 3 35
2 79 20 42 42 35 2 59 51 34 17 18
33 13 50 33 36
15 33 50 13 50 33 13 47 47 28
50 49 15 14 28
31 3 52 10 13 28
2 92 23 54 31 40 50
2 82 59 78 86 5 2 80 42 52 2 94 13 19 7 95 36
18 64 79
2 59 21 2 94 23 49 47
3 17 24 17 3 39 19 14 28
52 20 24 24 20 3 25 35
25 3 42 42 18 6 52
47 50 36
2 79 20 27 6 18 51 34 35 42
25 3 51 24 5 20 27
50 28 39 39 50
7 32 47 50 47 15 13 28 36 50
8 10 62 59 82 58 95 29 38
2 82 59 78 86 10 2 94 4 52 27 15
2 82 59 78 86 6 54 51 3 20 11
2 65 81 40 33
2 82 59 78 86 27 54 2 94 24 45 33
17 76
18 31 10 10 34 20 4 18 42 6 34
25 3 34 23
47 15 15
10 20 10 42 18 3 2 92 6 27 51 6
2 59 34 31 31 25 3 24 24
33 28 32 32 7
39 7 47 33 13 13 7
3 79 81 71 72 44 86 71 62 88 29 40 28
2 65 81 39 15 13 33
53 52 3 3 25 50
41 58 86
2 82 59 78 86 2 94 4 54 42 2 79 15
34 66 63 86
25 3 35 31 27
25 3 42 42 18 6 52
33 9
31 24 5 2 59 3 34 27 5 34 20 2 92 6
2 92 6 34 31 27 3
33 13 33 15 36
36 28 47 13 15 50 28
3 91 69 91 85 49 15 88 29 12 50
6 81 56 84 31 42 6 2 59 38 28
18 64 79
2 65 81 7 49 36
2 82 59 78 86 34 34 27 3 3 28 90 15
2 65 81 47
6 10 34 31 25
27 6 20 24
43 38 33
25 31 34 6 52 31 31 5
2 79 20 42 42 35 2 59 51 34 17 18
33 13 50 33 47
50 39 7 13 13 50 15
15 49 7 38 33
2 65 81 7 95 28 14 47
2 82 59 78 86 42 21 21 4 24 50
2 65 81 39
2 65 81 36 45 7
2 82 59 78 86 3 5 6 51 53 47 40 15
24 31 31 10 2 59 31 51 34 34 31 52
27 3 42 18 3 27
33 46
2 79 20 42 42 35 2 59 51 34 17 18
33 13 50 33 47
15 33 50 50 39 7 15 15 36 15
48 29 40 28
17 6 6 2 79 4 36 33 32 36
41 77
2 65 81 50 32 36
2 82 59 78 86 2 80 2 80 2 80 2 79 14 13
6 81 56 84 4 2 59 21 2 92 4 45 13
2 59 34 6 27 27 3 27
34 31 2 59 6 34 42
33 49 50
31 3 23 5 3 24 6 5 34 20 2 92 6
54 6 24 20 6 27 31 2 79 24 6
33 39 32 39 47
15 13 50 7 13 33 7
47 49 7 40 33
34 6 52 53 7 13 39
30
6 81 56 84 17 18 2 94 52 13 55 15 7 50
41 58 86
2 65 81 7 15
2 59 34 31 35 42
34 3 27 5 53
33 50 13 50
27 6 17 24 6 53
2 79 20 42 42 35 2 59 51 34 17 18
33 13 50 33 36
3 81 63 4 76 61 62 15 33 50 15 50 50 33 50 50 13
31 60 89 59 67 44 86 71 62 88 29 40 33
53 62 83
2 65 81 36
41 77
5 53 25 18 34 40 33
2 65 81 28 38 50
4 24 31 51 42 20 6 34
34 20 4 18 3 34 5
40 36 43
10 6 27 27 20 25 31 34 6
2 79 20 42 42 35 2 59 51 34 17 18
33 13 50 32 39
39 39 13 28 39 39 13
13 50 13 13 13
2 65 81 50
17 76
2 82 59 78 86 25 5 25 42 17 28 39 36 32
2 65 81 39
2 82 59 78 86 27 3 10 23 2 92 45
17 34 6 6 27
34 20 4 18 3 34 5
33 32 50
6 3 35 42 6 27 5
2 79 20 42 42 35 2 59 51 34 17 18
33 13 50 50 33
50 15 50 50 28 33 50
33 36 14 36
2 65 81 12 13
53 62 83
2 82 59 78 86 2 92 3 27 2 59 2 94 28
2 79 31 51 27 2 59 13
34 66 63 86
17 20 2 59 2 59 35
35 42 6 2 92 6 27
13 33 33 13
25 3 34 17 3 34 6 42
2 79 20 42 42 35 2 59 51 34 17 18
33 13 50 50 39
50 39 7 15 39 36 7
47 9 40 36
53 62 83
6 81 56 84 52 10 35 31 24 7 15 15
2 65 81 49 28
6 81 56 84 3 24 18 27 4 45 13
6 81 56 84 2 92 53 52 24 34 36 55 33 33
42 20 25 25
35 42 6 2 92 6 27
13 33 28
35 6 25 2 79 24 6
2 79 20 42 42 35 2 59 51 34 17 18
33 13 50 33 47
39 7 47 47 36 7 55
28 45 40 13
34 66 63 86
10 20 53 2 80 12 39
6 81 56 84 17 52 5 23 10 39 7 95 7
34 66 63 86
41 77
25 3 18 31 27 6 53
35 42 6 2 79 18 6 27
33 50 50 50
25 3 2 79 24 6
17 24 6 27 35 18 3 52
33 13 33 33 39
15 7 39 47 28 13 32
48 49 15 40 7
21 18 2 59 2 94 47 55
2 65 81 50
30
2 82 59 78 86 52 2 79 10 21 5 50 39
2 65 81 39 36
34 31 54 6 2 92 6 24 5
35 42 6 2 92 6 27
7 14 33
10 20 10 42 18
2 92 6 34 31 27 3
33 13 33 15 36
7 50 39 7 39 7 36
33 45 33 40 47
53 62 83
53 62 83
2 65 81 38 33
41 58 86
18 23 42 6 5 33 38
18 3 27 5 6 34 35 31 27
35 42 6 2 92 6 27
39 55 33 13
13 42 18 3 2 92 6 27 51 6
2 79 20 42 42 35 2 59 51 34 17 18
33 13 50 47 50
39 39 33 28 7 7 15
39 49 39 40 47
17 52 27 24 24 28 15
30
2 82 59 78 86 2 80 27 34 3 21 36 15 7
2 80 4 21 23 7 13 7
2 59 51 34 4 18 10 6 20 24 5 3 2 92 6
2 79 20 42 42 35 2 59 51 34 17 18
33 13 50 33 36
15 33 50 15 50 50 28 7 50 7
35 6 2 79 42 6 25 2 59 6 34 33 50 33 28 13 28
2 65 81 28
2 82 59 78 86 17 21 18 17 2 92 36
53 62 83
27 27 2 79 51 13
2 65 81 36
2 59 34 31 52 27
35 42 6 2 92 6
33 47 39
2 79 3 42 42 6 34 35 31 27
4 3 34 27 6 17 20 6
33 13 33 32 39
50 36 28 50 47 50 15
39 47 40 7
2 82 59 78 86 51 42 5 3 50
2 82 59 78 86 25 2 92 31 31 14 39
6 81 56 84 23 21 54 10 25 12 15
41 77
2 65 81 7 55 39
2 92 3 27 5 6 34 24 3 3 27
42 31 25
7 15 39 36
35 24 6 6 2 79 53 18 31 24 24 31 52
52 3 34 34 6 27
15 15 15 7 15
7 13 39 33 15 28 55
33 50 36 39 47
6 81 56 84 35 35 52 54 28
53 62 83
6 81 56 84 10 18 2 59 23 54 40 28
53 62 83
18 54 3 6 47 36 13 33
6 52 3 24 5
42 20 25 31 42 18 53
15 32 33
4 6 27 42 34 6 3 2 92 6
2 79 20 42 42 35 2 59 51 34 17 18
33 13 50 47 50
15 33 50 39 7 36 28 13 50 39
43 49 7 40 28
25 10 17 20 23 50 40
35 10 2 80 2 80 23 39 46 7 19 2 57 7 95 33
18 2 80 10 2 94 15 46 47 19 2 57 7 95 39
53 62 83
2 82 59 78 86 27 3 17 23 23 47 45 39
35 25 20 42 18
42 18 31 25 3 35
25 17 6 15 32 50
25 31 34 6 52 31 31 5
2 79 20 42 42 35 2 59 51 34 17 18
33 13 50 33 47
15 7 15 50
48 43 40 28
2 65 81 13 50 15
2 82 59 78 86 21 2 59 2 94 34 54 28 49
2 65 81 40 15
41 77
2 65 81 39 32 7 32
21 31 18 27 35 31 27
42 18 3 5
33 19
35 3 53 2 59 34 31 31 23 18 3 34 2 59 31 34
2 59 34 3 5 10 31 34 5 52 31 31 5 35
33 13 32 33 13
28 47 13 32 39 28 50
31 60 89 59 67 49 44 61 29 40 36
18 3 18 24 6 15 28 90 33
41 58 86
53 5 27 6 5 14 36
2 82 59 78 86 2 79 31 31 2 59 7
2 65 81 40
52 3 34 5
52 3 53 27 6
33 12
2 59 51 4 23 52 18 6 3 42
17 20 2 59 35 31 27 20 3
33 13 32 15 15
39 50 13 33 13 39 15
9 37 12 33
